142591
114661
57229
75216
182419
123257
123002
133945
190995
124374
70774
124245
48024
34092
153993
163264
26195
48476
139915
64006
174877
145248
104731
84929
43246
130953
162785
49337
83782
126391
187379
10235
149219
50485
155816
131873
24275
36380
82805
160906
118122
193440
194050
168155
84338
114974
35769
156171
32165
23859
16098
48353
146223
46911
30793
102083
141396
13700
138296
121392
45411
186645
118239
183895
123740
46640
172587
142262
139732
82027
10126
112244
177474
58701
92653
117277
145704
85191
115205
23943
28163
128980
42829
73091
149079
88959
32856
88154
182092
83779
134346
25230
146671
77012
175298
118728
8240
127402
123414
71928
126465
26132
37680
143489
80787
62906
115680
189056
143055
148786
85547
131244
64237
116093
91607
151913
95443
114338
79256
127302
73147
26006
97288
59668
164214
137162
104827
98287
88516
115235
195236
188228
115141
69951
30800
37014
62854
103294
119678
147332
126228
90485
160596
128221
195967
76359
30881
167612
45250
20162
99952
25938
113495
76652
13051
193457
34785
162549
108910
143264
130214
24738
10325
107409
11808
257
57945
105344
30164
138033
145398
61908
138848
138392
157720
166318
45601
58799
15306
144150
73756
132911
82031
41038
166835
154895
8895
49848
135107
92104
153450
52314
164961
106586
140533
91665
190276
189533
111209
144487